105 274
107 333
113 393
125 450
152 502
190 547
234 586
277 619
324 629
369 615
412 581
453 543
490 502
516 455
528 402
535 349
539 291
157 250
188 221
231 210
275 217
314 235
375 237
410 224
450 220
488 232
510 262
343 285
344 321
345 356
345 392
293 415
316 421
340 427
363 421
385 416
209 281
235 273
261 274
282 291
258 292
232 288
395 295
416 279
440 279
463 288
442 294
418 296
234 469
274 465
316 459
337 463
358 459
392 465
423 471
390 525
356 552
332 557
307 554
268 527
245 474
314 472
336 475
358 473
412 475
356 519
333 524
310 521
